[app/ui]
version = 9.4.0
modtime = 1743690270.262641000

[app/launcher]
version = 9.4.0
modtime = 1743690270.263689000
